2.500000000000000000e+00 4.970000000000000000e+02
2.500000000000000000e+00 2.600000000000000000e+02
4.000000000000000000e+00 2.500000000000000000e+00
2.420000000000000000e+02 2.000000000000000000e+00
4.965000000000000000e+02 4.500000000000000000e+00
4.970000000000000000e+02 2.500000000000000000e+02
4.980000000000000000e+02 4.950000000000000000e+02
2.525000000000000000e+02 4.960000000000000000e+02
2.050000000000000000e+01 4.740000000000000000e+02
4.900000000000000000e+01 3.920000000000000000e+02
7.600000000000000000e+01 3.645000000000000000e+02
1.540000000000000000e+02 3.415000000000000000e+02
1.990000000000000000e+02 3.100000000000000000e+02
1.820000000000000000e+02 2.660000000000000000e+02
1.730000000000000000e+02 2.105000000000000000e+02
1.670000000000000000e+02 1.845000000000000000e+02
1.665000000000000000e+02 1.525000000000000000e+02
1.785000000000000000e+02 1.265000000000000000e+02
2.100000000000000000e+02 1.075000000000000000e+02
2.475000000000000000e+02 1.020000000000000000e+02
2.820000000000000000e+02 1.085000000000000000e+02
3.095000000000000000e+02 1.240000000000000000e+02
3.310000000000000000e+02 1.525000000000000000e+02
3.340000000000000000e+02 1.975000000000000000e+02
3.200000000000000000e+02 2.615000000000000000e+02
3.055000000000000000e+02 3.055000000000000000e+02
3.355000000000000000e+02 3.295000000000000000e+02
4.015000000000000000e+02 3.555000000000000000e+02
4.545000000000000000e+02 3.875000000000000000e+02
4.725000000000000000e+02 4.570000000000000000e+02
1.865000000000000000e+02 2.480000000000000000e+02
1.880000000000000000e+02 2.625000000000000000e+02
1.930000000000000000e+02 2.805000000000000000e+02
2.005000000000000000e+02 2.965000000000000000e+02
2.115000000000000000e+02 3.040000000000000000e+02
2.260000000000000000e+02 3.125000000000000000e+02
2.370000000000000000e+02 3.170000000000000000e+02
2.550000000000000000e+02 3.200000000000000000e+02
2.680000000000000000e+02 3.180000000000000000e+02
2.820000000000000000e+02 3.110000000000000000e+02
2.935000000000000000e+02 3.020000000000000000e+02
3.025000000000000000e+02 2.940000000000000000e+02
3.095000000000000000e+02 2.810000000000000000e+02
3.140000000000000000e+02 2.655000000000000000e+02
3.150000000000000000e+02 2.485000000000000000e+02
2.000000000000000000e+02 2.210000000000000000e+02
2.085000000000000000e+02 2.140000000000000000e+02
2.175000000000000000e+02 2.110000000000000000e+02
2.285000000000000000e+02 2.140000000000000000e+02
2.365000000000000000e+02 2.175000000000000000e+02
2.380000000000000000e+02 2.235000000000000000e+02
2.290000000000000000e+02 2.275000000000000000e+02
2.180000000000000000e+02 2.300000000000000000e+02
2.115000000000000000e+02 2.310000000000000000e+02
2.050000000000000000e+02 2.290000000000000000e+02
2.620000000000000000e+02 2.220000000000000000e+02
2.680000000000000000e+02 2.150000000000000000e+02
2.785000000000000000e+02 2.100000000000000000e+02
2.870000000000000000e+02 2.110000000000000000e+02
2.945000000000000000e+02 2.150000000000000000e+02
2.995000000000000000e+02 2.200000000000000000e+02
2.915000000000000000e+02 2.260000000000000000e+02
2.815000000000000000e+02 2.290000000000000000e+02
2.745000000000000000e+02 2.285000000000000000e+02
2.675000000000000000e+02 2.255000000000000000e+02
2.485000000000000000e+02 2.295000000000000000e+02
2.500000000000000000e+02 2.395000000000000000e+02
2.550000000000000000e+02 2.480000000000000000e+02
2.645000000000000000e+02 2.545000000000000000e+02
2.515000000000000000e+02 2.595000000000000000e+02
2.410000000000000000e+02 2.530000000000000000e+02
2.270000000000000000e+02 2.755000000000000000e+02
2.385000000000000000e+02 2.695000000000000000e+02
2.505000000000000000e+02 2.700000000000000000e+02
2.615000000000000000e+02 2.680000000000000000e+02
2.770000000000000000e+02 2.735000000000000000e+02
2.705000000000000000e+02 2.820000000000000000e+02
2.600000000000000000e+02 2.860000000000000000e+02
2.465000000000000000e+02 2.875000000000000000e+02
2.350000000000000000e+02 2.850000000000000000e+02
